n_tasks: 5
seed: 42
generation_seed: 0
converged: true
n_iterations: 2
unique_pairs_queried: 10
total_comparisons: 23
pair_agreement: 0.7619047619047619
rank_correlations:
- 0.0
- 0.9999999999999999
