n_tasks: 5
seed: 42
generation_seed: 1
converged: true
n_iterations: 2
unique_pairs_queried: 10
total_comparisons: 18
pair_agreement: 0.8611111111111112
rank_correlations:
- 0.0
- 0.9999999999999999
