n_tasks: 5
seed: 42
generation_seed: 1
converged: false
n_iterations: 2
unique_pairs_queried: 10
total_comparisons: 25
pair_agreement: 0.7916666666666666
rank_correlations:
- 0.0
- 0.9746794344808963
