n_tasks: 10
seed: 42
generation_seed: 0
converged: false
n_iterations: 2
unique_pairs_queried: 45
total_comparisons: 225
pair_agreement: 0.9199999999999998
rank_correlations:
- 0.0
- 0.9757575757575757
