n_tasks: 10
seed: 42
generation_seed: 0
converged: false
n_iterations: 1
unique_pairs_queried: 45
total_comparisons: 225
pair_agreement: 0.911111111111111
rank_correlations:
- 0.8206724839680872
