{
  "conditions": [
    {
      "train_personas": [
        1
      ],
      "condition_name": "no_prompt",
      "n_train_total": 1000,
      "best_alpha": 3162277.6601683795,
      "val_mean_r": 0.8897367495959869,
      "eval": {
        "no_prompt": {
          "pearson_r": 0.8750197622302776,
          "r2": 0.7640238971029554,
          "p_value": 4.195471579282863e-80,
          "n": 250
        },
        "villain": {
          "pearson_r": 0.7499351553995682,
          "r2": 0.3782079612187862,
          "p_value": 2.0948903329747307e-46,
          "n": 250
        },
        "midwest": {
          "pearson_r": 0.8363764396318709,
          "r2": 0.24033008977352543,
          "p_value": 1.0697144911480148e-66,
          "n": 250
        },
        "aesthete": {
          "pearson_r": 0.7325860272499624,
          "r2": 0.4970056929357458,
          "p_value": 2.5522002925406427e-43,
          "n": 250
        }
      }
    },
    {
      "train_personas": [
        2
      ],
      "condition_name": "villain",
      "n_train_total": 1000,
      "best_alpha": 3162277.6601683795,
      "val_mean_r": 0.9019008432369973,
      "eval": {
        "no_prompt": {
          "pearson_r": 0.7658946704050167,
          "r2": -0.05952310446526088,
          "p_value": 1.776345809604864e-49,
          "n": 250
        },
        "villain": {
          "pearson_r": 0.8757298820870355,
          "r2": 0.7648503808438358,
          "p_value": 2.1675482260514903e-80,
          "n": 250
        },
        "midwest": {
          "pearson_r": 0.8539674938914994,
          "r2": 0.7168956008140709,
          "p_value": 2.562108732435747e-72,
          "n": 250
        },
        "aesthete": {
          "pearson_r": 0.8209026672960033,
          "r2": 0.604523467089204,
          "p_value": 2.8038415178256185e-62,
          "n": 250
        }
      }
    },
    {
      "train_personas": [
        3
      ],
      "condition_name": "midwest",
      "n_train_total": 1000,
      "best_alpha": 3162277.6601683795,
      "val_mean_r": 0.9047322244292225,
      "eval": {
        "no_prompt": {
          "pearson_r": 0.7871603115112621,
          "r2": 0.3582394124060667,
          "p_value": 5.674829520522887e-54,
          "n": 250
        },
        "villain": {
          "pearson_r": 0.8463679439898278,
          "r2": 0.6306312422002754,
          "p_value": 8.37999313505529e-70,
          "n": 250
        },
        "midwest": {
          "pearson_r": 0.8915026274160661,
          "r2": 0.7940373462209563,
          "p_value": 2.949520871313848e-87,
          "n": 250
        },
        "aesthete": {
          "pearson_r": 0.8001665514455878,
          "r2": 0.5974247957195079,
          "p_value": 5.517640228475567e-57,
          "n": 250
        }
      }
    },
    {
      "train_personas": [
        4
      ],
      "condition_name": "aesthete",
      "n_train_total": 1000,
      "best_alpha": 1000000.0,
      "val_mean_r": 0.8918005501036883,
      "eval": {
        "no_prompt": {
          "pearson_r": 0.8045124629415805,
          "r2": 0.4994820980728941,
          "p_value": 4.843876426192979e-58,
          "n": 250
        },
        "villain": {
          "pearson_r": 0.8305723774872574,
          "r2": 0.681599578517695,
          "p_value": 5.4820176564792936e-65,
          "n": 250
        },
        "midwest": {
          "pearson_r": 0.8566527799120273,
          "r2": 0.6834143208716257,
          "p_value": 3.059988350599663e-73,
          "n": 250
        },
        "aesthete": {
          "pearson_r": 0.8931382428253734,
          "r2": 0.7972094878360595,
          "p_value": 4.983031310744266e-88,
          "n": 250
        }
      }
    },
    {
      "train_personas": [
        1,
        2
      ],
      "condition_name": "no_prompt+villain",
      "n_train_total": 2000,
      "best_alpha": 3162277.6601683795,
      "val_mean_r": 0.8928170477157098,
      "eval": {
        "no_prompt": {
          "pearson_r": 0.8674941785025916,
          "r2": 0.7494018389834008,
          "p_value": 3.6201220997261224e-77,
          "n": 250
        },
        "villain": {
          "pearson_r": 0.8722989208483098,
          "r2": 0.7589296905578573,
          "p_value": 5.078277758632225e-79,
          "n": 250
        },
        "midwest": {
          "pearson_r": 0.8727557694520637,
          "r2": 0.5058858632762964,
          "p_value": 3.354502334215552e-79,
          "n": 250
        },
        "aesthete": {
          "pearson_r": 0.8556789984285045,
          "r2": 0.6672284166070125,
          "p_value": 6.645817235834107e-73,
          "n": 250
        }
      }
    },
    {
      "train_personas": [
        1,
        3
      ],
      "condition_name": "no_prompt+midwest",
      "n_train_total": 2000,
      "best_alpha": 10000000.0,
      "val_mean_r": 0.8955906272227734,
      "eval": {
        "no_prompt": {
          "pearson_r": 0.8814167565199461,
          "r2": 0.776596550502706,
          "p_value": 9.410894570506799e-83,
          "n": 250
        },
        "villain": {
          "pearson_r": 0.8397424962222022,
          "r2": 0.653512424095102,
          "p_value": 1.0156832555727075e-67,
          "n": 250
        },
        "midwest": {
          "pearson_r": 0.8922907809502305,
          "r2": 0.7939019476616049,
          "p_value": 1.2565492243906707e-87,
          "n": 250
        },
        "aesthete": {
          "pearson_r": 0.823798971440187,
          "r2": 0.6075020773239329,
          "p_value": 4.5063685929885703e-63,
          "n": 250
        }
      }
    },
    {
      "train_personas": [
        1,
        4
      ],
      "condition_name": "no_prompt+aesthete",
      "n_train_total": 2000,
      "best_alpha": 3162277.6601683795,
      "val_mean_r": 0.8883421946672617,
      "eval": {
        "no_prompt": {
          "pearson_r": 0.8706246408432406,
          "r2": 0.7558321910015906,
          "p_value": 2.289980308624852e-78,
          "n": 250
        },
        "villain": {
          "pearson_r": 0.8393437394518362,
          "r2": 0.6713519924179194,
          "p_value": 1.346230498173017e-67,
          "n": 250
        },
        "midwest": {
          "pearson_r": 0.8725234882828224,
          "r2": 0.41615660804708876,
          "p_value": 4.1426616361483545e-79,
          "n": 250
        },
        "aesthete": {
          "pearson_r": 0.8923065830801218,
          "r2": 0.7936932592188135,
          "p_value": 1.2351515968400757e-87,
          "n": 250
        }
      }
    },
    {
      "train_personas": [
        2,
        3
      ],
      "condition_name": "villain+midwest",
      "n_train_total": 2000,
      "best_alpha": 3162277.6601683795,
      "val_mean_r": 0.9009156252279145,
      "eval": {
        "no_prompt": {
          "pearson_r": 0.7640147241444826,
          "r2": 0.3633209798645095,
          "p_value": 4.2067466639249225e-49,
          "n": 250
        },
        "villain": {
          "pearson_r": 0.8797339076357923,
          "r2": 0.7717848163392826,
          "p_value": 4.843134371528135e-82,
          "n": 250
        },
        "midwest": {
          "pearson_r": 0.8891106801365936,
          "r2": 0.7902558386535317,
          "p_value": 3.776632449497142e-86,
          "n": 250
        },
        "aesthete": {
          "pearson_r": 0.8509111150683237,
          "r2": 0.6666218514202229,
          "p_value": 2.733729620743128e-71,
          "n": 250
        }
      }
    },
    {
      "train_personas": [
        2,
        4
      ],
      "condition_name": "villain+aesthete",
      "n_train_total": 2000,
      "best_alpha": 3162277.6601683795,
      "val_mean_r": 0.8972546531046399,
      "eval": {
        "no_prompt": {
          "pearson_r": 0.7728628852200372,
          "r2": 0.21805155900796136,
          "p_value": 6.76790016950664e-51,
          "n": 250
        },
        "villain": {
          "pearson_r": 0.8741104405071172,
          "r2": 0.7625504426917167,
          "p_value": 9.71632854921333e-80,
          "n": 250
        },
        "midwest": {
          "pearson_r": 0.8738143046128949,
          "r2": 0.7429146429605762,
          "p_value": 1.2754654915303295e-79,
          "n": 250
        },
        "aesthete": {
          "pearson_r": 0.8936618268341658,
          "r2": 0.7966546036675535,
          "p_value": 2.8030260321759314e-88,
          "n": 250
        }
      }
    },
    {
      "train_personas": [
        3,
        4
      ],
      "condition_name": "midwest+aesthete",
      "n_train_total": 2000,
      "best_alpha": 3162277.6601683795,
      "val_mean_r": 0.8986847568456493,
      "eval": {
        "no_prompt": {
          "pearson_r": 0.7870077417447812,
          "r2": 0.41961914959464286,
          "p_value": 6.138009972797157e-54,
          "n": 250
        },
        "villain": {
          "pearson_r": 0.853253762878729,
          "r2": 0.6247414237605361,
          "p_value": 4.474895211250002e-72,
          "n": 250
        },
        "midwest": {
          "pearson_r": 0.8898250073820285,
          "r2": 0.7916657706311623,
          "p_value": 1.774554211167302e-86,
          "n": 250
        },
        "aesthete": {
          "pearson_r": 0.8952538020312133,
          "r2": 0.7992402755836172,
          "p_value": 4.784107728868018e-89,
          "n": 250
        }
      }
    },
    {
      "train_personas": [
        1,
        2,
        3
      ],
      "condition_name": "no_prompt+villain+midwest",
      "n_train_total": 3000,
      "best_alpha": 10000000.0,
      "val_mean_r": 0.893694219876144,
      "eval": {
        "no_prompt": {
          "pearson_r": 0.8787474295131544,
          "r2": 0.771681718228929,
          "p_value": 1.2510112379453612e-81,
          "n": 250
        },
        "villain": {
          "pearson_r": 0.8689652812480215,
          "r2": 0.7515090476890158,
          "p_value": 9.981058627473642e-78,
          "n": 250
        },
        "midwest": {
          "pearson_r": 0.8932752276840145,
          "r2": 0.7963718498071269,
          "p_value": 4.287923445164192e-88,
          "n": 250
        },
        "aesthete": {
          "pearson_r": 0.8716316564168676,
          "r2": 0.6961095080346505,
          "p_value": 9.279132788932516e-79,
          "n": 250
        }
      }
    },
    {
      "train_personas": [
        1,
        2,
        4
      ],
      "condition_name": "no_prompt+villain+aesthete",
      "n_train_total": 3000,
      "best_alpha": 3162277.6601683795,
      "val_mean_r": 0.8910815318667304,
      "eval": {
        "no_prompt": {
          "pearson_r": 0.8639850884179104,
          "r2": 0.7429269249556631,
          "p_value": 7.358221237850777e-76,
          "n": 250
        },
        "villain": {
          "pearson_r": 0.8725870358177042,
          "r2": 0.7597127382093098,
          "p_value": 3.910419370428278e-79,
          "n": 250
        },
        "midwest": {
          "pearson_r": 0.8806407611295611,
          "r2": 0.5662355084588033,
          "p_value": 2.009324436869376e-82,
          "n": 250
        },
        "aesthete": {
          "pearson_r": 0.8927511524809985,
          "r2": 0.7947370554251738,
          "p_value": 7.610052825404498e-88,
          "n": 250
        }
      }
    },
    {
      "train_personas": [
        1,
        3,
        4
      ],
      "condition_name": "no_prompt+midwest+aesthete",
      "n_train_total": 3000,
      "best_alpha": 10000000.0,
      "val_mean_r": 0.8916018864340826,
      "eval": {
        "no_prompt": {
          "pearson_r": 0.8777169788476973,
          "r2": 0.7699699793480278,
          "p_value": 3.341535253226692e-81,
          "n": 250
        },
        "villain": {
          "pearson_r": 0.8495173079737828,
          "r2": 0.7065251115244784,
          "p_value": 7.906982673969539e-71,
          "n": 250
        },
        "midwest": {
          "pearson_r": 0.8930225856833367,
          "r2": 0.7966428940311335,
          "p_value": 5.656041514479603e-88,
          "n": 250
        },
        "aesthete": {
          "pearson_r": 0.8892132626102586,
          "r2": 0.78605324058557,
          "p_value": 3.3895178105690524e-86,
          "n": 250
        }
      }
    },
    {
      "train_personas": [
        2,
        3,
        4
      ],
      "condition_name": "villain+midwest+aesthete",
      "n_train_total": 3000,
      "best_alpha": 3162277.6601683795,
      "val_mean_r": 0.898023134577398,
      "eval": {
        "no_prompt": {
          "pearson_r": 0.7523364402976894,
          "r2": 0.4129745381628054,
          "p_value": 7.481920647114312e-47,
          "n": 250
        },
        "villain": {
          "pearson_r": 0.8770620658426973,
          "r2": 0.7674423263156727,
          "p_value": 6.21054849460028e-81,
          "n": 250
        },
        "midwest": {
          "pearson_r": 0.8879548072078783,
          "r2": 0.7883645146096312,
          "p_value": 1.2680568010531252e-85,
          "n": 250
        },
        "aesthete": {
          "pearson_r": 0.8942149587742617,
          "r2": 0.797527001761463,
          "p_value": 1.5213772651777706e-88,
          "n": 250
        }
      }
    },
    {
      "train_personas": [
        1,
        2,
        3,
        4
      ],
      "condition_name": "no_prompt+villain+midwest+aesthete",
      "n_train_total": 4000,
      "best_alpha": 10000000.0,
      "val_mean_r": 0.8924242381815418,
      "eval": {
        "no_prompt": {
          "pearson_r": 0.8750984417731,
          "r2": 0.7651727987693739,
          "p_value": 3.900219817872523e-80,
          "n": 250
        },
        "villain": {
          "pearson_r": 0.8688753331663829,
          "r2": 0.7525876175877306,
          "p_value": 1.0803969409438872e-77,
          "n": 250
        },
        "midwest": {
          "pearson_r": 0.8935545098221414,
          "r2": 0.7977569170069366,
          "p_value": 3.1546238925476215e-88,
          "n": 250
        },
        "aesthete": {
          "pearson_r": 0.8911782484242766,
          "r2": 0.7893111575456705,
          "p_value": 4.182507010094408e-87,
          "n": 250
        }
      }
    }
  ],
  "probe_cosine_similarity": {
    "condition_names": [
      "no_prompt",
      "villain",
      "midwest",
      "aesthete",
      "no_prompt+villain",
      "no_prompt+midwest",
      "no_prompt+aesthete",
      "villain+midwest",
      "villain+aesthete",
      "midwest+aesthete",
      "no_prompt+villain+midwest",
      "no_prompt+villain+aesthete",
      "no_prompt+midwest+aesthete",
      "villain+midwest+aesthete",
      "no_prompt+villain+midwest+aesthete"
    ],
    "matrix": [
      [
        1.0,
        0.2603122591972351,
        0.30957692861557007,
        0.22888804972171783,
        0.7215454578399658,
        0.7665764689445496,
        0.7354384660720825,
        0.291334331035614,
        0.2681925296783447,
        0.2878932058811188,
        0.6589593887329102,
        0.6261962652206421,
        0.6611798405647278,
        0.2763269543647766,
        0.6028876304626465
      ],
      [
        0.2603122591972351,
        0.9999998807907104,
        0.48009583353996277,
        0.49110591411590576,
        0.7585465908050537,
        0.4635156989097595,
        0.45539960265159607,
        0.8309786319732666,
        0.8491873741149902,
        0.5502703785896301,
        0.7351841926574707,
        0.7058936357498169,
        0.5381178855895996,
        0.7622613906860352,
        0.7168028354644775
      ],
      [
        0.30957692861557007,
        0.48009583353996277,
        1.0,
        0.4493798017501831,
        0.4309192895889282,
        0.7614785432815552,
        0.4482872188091278,
        0.8112890720367432,
        0.5168696641921997,
        0.8260155916213989,
        0.715064525604248,
        0.46379727125167847,
        0.7201808094978333,
        0.736277163028717,
        0.6912208199501038
      ],
      [
        0.22888804972171783,
        0.49110591411590576,
        0.4493798017501831,
        1.0,
        0.42741912603378296,
        0.4076933264732361,
        0.7203495502471924,
        0.5247524976730347,
        0.8158343434333801,
        0.801294207572937,
        0.48960888385772705,
        0.6857954263687134,
        0.6592134833335876,
        0.746266782283783,
        0.6603429317474365
      ],
      [
        0.7215454578399658,
        0.7585465908050537,
        0.4309192895889282,
        0.42741912603378296,
        1.0000001192092896,
        0.7231550216674805,
        0.7555630207061768,
        0.6867393255233765,
        0.6827287673950195,
        0.48854243755340576,
        0.8889248371124268,
        0.9036738872528076,
        0.7340044975280762,
        0.6414064764976501,
        0.8467438220977783
      ],
      [
        0.7665764689445496,
        0.4635156989097595,
        0.7614785432815552,
        0.4076933264732361,
        0.7231550216674805,
        0.9999999403953552,
        0.7394006252288818,
        0.6458595991134644,
        0.481214314699173,
        0.6511175036430359,
        0.901563286781311,
        0.6874874830245972,
        0.9016650319099426,
        0.5917012691497803,
        0.8437286615371704
      ],
      [
        0.7354384660720825,
        0.45539960265159607,
        0.4482872188091278,
        0.7203495502471924,
        0.7555630207061768,
        0.7394006252288818,
        0.9999999403953552,
        0.4925762414932251,
        0.6645318269729614,
        0.6781305074691772,
        0.74610435962677,
        0.8955287337303162,
        0.8904627561569214,
        0.6317735314369202,
        0.8502808213233948
      ],
      [
        0.291334331035614,
        0.8309786319732666,
        0.8112890720367432,
        0.5247524976730347,
        0.6867393255233765,
        0.6458595991134644,
        0.4925762414932251,
        0.9999998807907104,
        0.7878471612930298,
        0.78862464427948,
        0.8271382451057434,
        0.6848729848861694,
        0.6852444410324097,
        0.917637825012207,
        0.8089864253997803
      ],
      [
        0.2681925296783447,
        0.8491873741149902,
        0.5168696641921997,
        0.8158343434333801,
        0.6827287673950195,
        0.481214314699173,
        0.6645318269729614,
        0.7878471612930298,
        1.0000001192092896,
        0.7679048776626587,
        0.6948977708816528,
        0.8344845175743103,
        0.6834577918052673,
        0.9060738682746887,
        0.8112241625785828
      ],
      [
        0.2878932058811188,
        0.5502703785896301,
        0.8260155916213989,
        0.801294207572937,
        0.48854243755340576,
        0.6511175036430359,
        0.6781305074691772,
        0.78862464427948,
        0.7679048776626587,
        1.0000001192092896,
        0.6929519176483154,
        0.6702579855918884,
        0.8295191526412964,
        0.9087604284286499,
        0.8125965595245361
      ],
      [
        0.6589593887329102,
        0.7351841926574707,
        0.715064525604248,
        0.48960888385772705,
        0.8889248371124268,
        0.901563286781311,
        0.74610435962677,
        0.8271382451057434,
        0.6948977708816528,
        0.6929519176483154,
        1.0000001192092896,
        0.8356559872627258,
        0.8865122199058533,
        0.7585999965667725,
        0.9481757879257202
      ],
      [
        0.6261962652206421,
        0.7058936357498169,
        0.46379727125167847,
        0.6857954263687134,
        0.9036738872528076,
        0.6874874830245972,
        0.8955287337303162,
        0.6848729848861694,
        0.8344845175743103,
        0.6702579855918884,
        0.8356559872627258,
        1.0000001192092896,
        0.8277063369750977,
        0.7802398204803467,
        0.9144486784934998
      ],
      [
        0.6611798405647278,
        0.5381178855895996,
        0.7201808094978333,
        0.6592134833335876,
        0.7340044975280762,
        0.9016650319099426,
        0.8904627561569214,
        0.6852444410324097,
        0.6834577918052673,
        0.8295191526412964,
        0.8865122199058533,
        0.8277063369750977,
        1.0000001192092896,
        0.7552847862243652,
        0.950654149055481
      ],
      [
        0.2763269543647766,
        0.7622613906860352,
        0.736277163028717,
        0.746266782283783,
        0.6414064764976501,
        0.5917012691497803,
        0.6317735314369202,
        0.917637825012207,
        0.9060738682746887,
        0.9087604284286499,
        0.7585999965667725,
        0.7802398204803467,
        0.7552847862243652,
        1.0000001192092896,
        0.8544646501541138
      ],
      [
        0.6028876304626465,
        0.7168028354644775,
        0.6912208199501038,
        0.6603429317474365,
        0.8467438220977783,
        0.8437286615371704,
        0.8502808213233948,
        0.8089864253997803,
        0.8112241625785828,
        0.8125965595245361,
        0.9481757879257202,
        0.9144486784934998,
        0.950654149055481,
        0.8544646501541138,
        0.9999998807907104
      ]
    ]
  },
  "utility_correlation": {
    "persona_names": [
      "no_prompt",
      "villain",
      "midwest",
      "aesthete"
    ],
    "n_common_tasks": 1500,
    "matrix": [
      [
        1.0,
        0.9352269850061316,
        0.9349358174920179,
        0.9412009568916864
      ],
      [
        0.9352269850061316,
        1.0,
        0.9417999294508621,
        0.9415664297036582
      ],
      [
        0.9349358174920179,
        0.9417999294508621,
        1.0,
        0.9431582956634741
      ],
      [
        0.9412009568916864,
        0.9415664297036582,
        0.9431582956634741,
        0.9999999999999999
      ]
    ]
  },
  "layer": 31,
  "eval_alpha_split_seed": 42,
  "n_train_per_persona": 1000,
  "n_val_per_persona": 250,
  "n_test_per_persona": 250
}