n_tasks: 5
seed: 42
generation_seed: 0
converged: false
n_iterations: 2
unique_pairs_queried: 10
total_comparisons: 30
pair_agreement: 0.8333333333333333
rank_correlations:
- 0.0
- 0.15389675281277312
