n_tasks: 10
seed: 42
generation_seed: 0
converged: false
n_iterations: 2
unique_pairs_queried: 45
total_comparisons: 225
pair_agreement: 0.9422222222222223
rank_correlations:
- 0.0
- 0.7230256722732068
