n_tasks: 10
seed: 42
generation_seed: 0
converged: false
n_iterations: 2
unique_pairs_queried: 45
total_comparisons: 178
pair_agreement: 0.8845528455284553
rank_correlations:
- 0.0
- 0.49090909090909085
