n_tasks: 10
seed: 42
generation_seed: 0
converged: false
n_iterations: 2
unique_pairs_queried: 45
total_comparisons: 208
pair_agreement: 0.981111111111111
rank_correlations:
- 0.0
- 0.7294866524160775
