n_tasks: 100
seed: 42
generation_seed: 1
converged: true
n_iterations: 16
unique_pairs_queried: 4888
total_comparisons: 11046
pair_agreement: 0.9003360910031024
rank_correlations:
- 0.9945514551455145
